date,venue_id,race_no,rank,car_no,age,pref,grade,diff,last_time,finishing,s,b,line_id,line_pos,snum,name_kanji
20200629,11,1,1,7,,,,,12.0,差し,,,1,2,,小塚　慎二
20200629,11,1,2,1,39,北海道,A級3班,３／４車輪,12.2,逃げ,,B,1,1,14202,島田　茂希
20200629,11,1,3,3,,,,１　　車身,12.1,,,,1,3,,茨木　基成
20200629,11,1,4,4,44,宮城県,A級3班,１／２車身,12.0,,,,2,2,13753,阿部　　晃
20200629,11,1,5,5,46,福島県,A級3班,４　　車身,12.5,,,,2,1,13531,伊藤　　司
20200629,11,1,6,6,,,,１車身１／２,12.3,,,,1,4,,高森　旭二
20200629,11,1,7,2,,,,１／８車輪,12.2,,,,2,3,,阿部　貴光
20200629,11,2,1,7,34,福島県,A級3班,,12.3,捲くり,,,2,2,14650,佐藤　裕輝
20200629,11,2,2,1,26,東京都,S級1班,２　　車身,13.1,逃げ,S,B,1,1,15349,寺沼　拓摩
20200629,11,2,3,3,,,,１車身１／２,12.5,,,,3,1,,清水　一博
20200629,11,2,4,5,53,福島県,A級3班,１／２車輪,12.6,,,,2,3,12559,相良　勝美
20200629,11,2,5,4,,,,７　　車身,13.8,,,,1,2,,井上　達雄
20200629,11,2,6,2,39,福島県,A級3班,３／４車身,13.1,,,,2,1,14503,真船　拓磨
20200629,11,2,7,6,,,,２　　車身,13.9,,,,1,3,,石井　啓午
20200629,11,3,1,2,25,栃木県,S級2班,,11.5,捲くり,S,,1,1,15340,幸田　望夢
20200629,11,3,2,3,41,群馬県,S級2班,３／４車身,11.5,マーク,,,1,2,14065,鰐淵　圭佑
20200629,11,3,3,5,,,,２　　車身,11.6,,,,1,3,,栗田　弘一
20200629,11,3,4,4,36,宮城県,A級2班,２　　車身,11.9,,,,3,3,14434,山崎　功也
20200629,11,3,5,7,,,,１車身１／２,12.2,,,,3,2,,小野寺悠太
20200629,11,3,6,6,,,,２　　車身,12.0,,,,2,1,,飯島　　亮
20200629,11,3,7,1,31,福島県,A級3班,１　　車身,12.5,,,B,3,1,15087,本馬　　鎌
20200629,11,4,1,1,34,福島県,A級3班,,12.5,捲くり,S,,1,1,14802,渡邉　正人
20200629,11,4,2,4,39,北海道,A級3班,２　　車身,12.3,マーク,,,1,2,14437,玉木　英典
20200629,11,4,3,2,,,,１車身１／２,12.8,,,B,3,1,,薮下　直輝
20200629,11,4,4,7,47,宮城県,A級3班,３　　車身,12.5,,,,1,3,13525,亀井　道佳
20200629,11,4,5,5,,,,,,,,,2,2,,鈴木　　浩
20200629,11,4,落,3,43,埼玉県,A級2班,,,,,,2,1,14011,細沼　健治
20200629,11,4,失,6,38,北海道,A級3班,,,,,,3,2,14276,坂本　敏也
20200629,11,5,1,1,29,岩手県,S級2班,,11.5,捲くり,S,B,1,1,15326,照井　拓成
20200629,11,5,2,6,,,,３／４車輪,11.3,マーク,,,1,2,,相馬　竹伸
20200629,11,5,3,2,38,群馬県,A級3班,６　　車身,12.1,,,,3,1,14931,横田　政直
20200629,11,5,4,5,50,栃木県,A級3班,３／４車身,11.9,,,,3,2,12862,松岡　慶彦
20200629,11,5,5,3,39,宮城県,A級3班,１／２車身,11.9,,,,2,2,14433,長田　彰人
20200629,11,5,6,4,,,,１車身１／２,11.9,,,,1,3,,川口　輝明
20200629,11,5,7,7,35,福島県,A級3班,大差,13.1,,,,2,1,14719,佐川　拓也
20200629,11,6,1,5,31,秋田県,A級2班,,12.3,逃げ,,B,1,1,15156,門脇　　翼
20200629,11,6,2,1,46,青森県,A級2班,１／４車輪,12.2,マーク,,,1,2,13668,佐々木孝司
20200629,11,6,3,9,,,,３／４車身,12.1,,,,1,3,,徳永　真一
20200629,11,6,4,2,45,福島県,A級2班,２　　車身,12.2,,,,2,1,14695,山口　　茂
20200629,11,6,5,4,39,福島県,A級2班,１　　車身,12.2,,,,2,2,14575,鈴木　達也
20200629,11,6,6,3,,,,１／２車身,12.1,,,,3,2,,渡邉　藤男
20200629,11,6,7,8,,,,１／４車輪,12.3,,,,4,2,,三谷　幸宏
20200629,11,6,8,7,27,新潟県,A級2班,２　　車身,12.5,,S,,3,1,15257,舟山　佑京
20200629,11,6,9,6,36,北海道,A級3班,２　　車身,12.8,,,,4,1,14424,大澤　哉太
20200629,11,7,1,2,34,栃木県,A級1班,,12.3,捲くり,S,,2,1,15088,神山　　尚
20200629,11,7,2,1,45,福島県,S級2班,１　　車身,12.4,差し,,,1,2,13537,谷津田将吾
20200629,11,7,3,4,36,沖縄県,A級2班,１　　車身,12.4,,,,1,3,14359,関根　彰人
20200629,11,7,4,8,,,,１／２車輪,11.8,,,,2,3,,朝秀　　忠
20200629,11,7,5,7,29,神奈川県,A級1班,１／２車身,12.7,,,B,1,1,15234,八嶋　稔真
20200629,11,7,6,6,52,茨城県,A級2班,３／４車輪,12.4,,,,2,2,13013,武田　靖夫
20200629,11,7,7,9,42,埼玉県,A級2班,３／４車身,12.3,,,,3,1,14227,緒方　　剛
20200629,11,7,8,3,37,東京都,A級2班,１／２車輪,11.9,,,,4,1,14513,樋口　絢土
20200629,11,7,9,5,57,埼玉県,A級3班,３／４車輪,12.2,,,,3,2,11875,神田　宏行
20200629,11,8,1,5,,,,,11.7,差し,,,1,1,,佐藤　佑一
20200629,11,8,2,2,46,福島県,A級2班,１　　車輪,11.9,差し,S,,3,2,13915,坂口　卓士
20200629,11,8,3,7,43,宮城県,A級1班,１／４車輪,12.0,,,B,3,1,14280,井上　公利
20200629,11,8,4,3,53,栃木県,A級2班,１／２車輪,11.6,,,,2,2,12717,伊藤　一貴
20200629,11,8,5,4,42,栃木県,A級2班,３／４車身,11.6,,,,2,3,14061,塚本　和宏
20200629,11,8,6,1,40,群馬県,A級1班,１／２車輪,11.5,,,,1,3,14008,甲斐　康昭
20200629,11,8,7,9,41,埼玉県,A級1班,３／４車身,11.9,,,,2,1,14139,小田倉勇二
20200629,11,8,8,8,44,北海道,A級2班,４　　車身,12.1,,,,1,2,13979,竹内　優也
20200629,11,8,9,6,54,群馬県,A級3班,１　　車身,12.0,,,,3,3,12416,櫻井　紀幸
20200629,11,9,1,7,30,東京都,S級2班,,11.8,逃げ,,B,3,1,15249,磯川　勝裕
20200629,11,9,2,1,51,栃木県,A級1班,１／４車輪,11.6,差し,,,2,2,12794,宇賀神浩幸
20200629,11,9,3,4,39,茨城県,A級1班,１／２車輪,11.7,,,,2,1,14057,松田　優一
20200629,11,9,4,3,43,埼玉県,A級3班,１　　車身,11.5,,,,3,3,14149,齋藤　和伸
20200629,11,9,5,5,38,福島県,S級2班,微差,11.5,,,,1,2,14574,佐伯　　翔
20200629,11,9,6,8,39,栃木県,A級2班,１／２車身,11.7,,,,2,3,14058,佐藤　　謙
20200629,11,9,7,6,,,,２　　車身,11.7,,,,1,3,,佐藤　隆二
20200629,11,9,8,2,39,福島県,A級1班,１／２車身,11.9,,,,1,1,14136,金澤　竜二
20200629,11,9,9,9,34,埼玉県,A級1班,１車身１／２,12.1,,S,,3,2,14731,山崎　輝夫
20200629,11,10,1,7,37,宮城県,S級2班,,11.6,捲くり,,B,1,1,14350,佐藤　雅春
20200629,11,10,2,2,40,宮城県,A級1班,１　　車輪,11.5,マーク,S,,1,2,14132,三澤　康人
20200629,11,10,3,9,47,宮城県,A級2班,３／４車身,11.5,,,,1,3,13384,金子　兼久
20200629,11,10,4,4,49,北海道,A級3班,２　　車身,11.5,,,,2,3,13521,中野　　良
20200629,11,10,5,5,48,埼玉県,A級1班,１車身１／２,11.9,,,,3,2,13172,金子周一郎
20200629,11,10,6,1,49,埼玉県,A級2班,１／４車輪,11.5,,,,4,1,13553,小島　雅章
20200629,11,10,7,3,31,秋田県,A級1班,３／４車身,12.1,,,,2,1,15157,高橋　大輝
20200629,11,10,8,8,44,岩手県,A級3班,６　　車身,12.2,,,,2,2,13905,藤原　義晴
20200629,11,10,9,6,,,,大差,15.3,,,,3,1,,服部　正博
20200629,23,1,1,5,46,福島県,S級2班,,11.6,差し,,,4,3,13912,金成　和幸
20200629,23,1,2,7,54,福島県,A級1班,１／２車身,11.7,差し,,,4,2,12261,岡部　芳幸
20200629,23,1,3,2,42,宮城県,A級1班,１／２車身,12.0,,,B,4,1,14714,橋本　智昭
20200629,23,1,4,9,53,岩手県,A級2班,１　　車輪,11.6,,,,3,1,13086,坂本　　毅
20200629,23,1,5,8,53,神奈川県,A級3班,１／２車身,11.3,,,,1,2,12586,佐藤　和典
20200629,23,1,6,1,48,埼玉県,A級1班,１／２車身,11.6,,,,2,2,13555,台　　和紀
20200629,23,1,7,3,52,栃木県,A級1班,３／４車身,11.6,,,,2,3,12861,小坂　敏之
20200629,23,1,8,4,34,神奈川県,S級1班,３　　車身,11.8,,S,,1,1,15094,佐々木　龍
20200629,23,1,9,6,38,東京都,A級1班,４　　車身,12.6,,,,2,1,14514,古川　宗行
20200629,23,2,1,1,45,青森県,S級1班,,11.6,差し,,,1,2,14427,佐藤　和也
20200629,23,2,2,9,34,福島県,S級2班,１　　車輪,11.7,逃げ,,B,1,1,14800,伊東　翔貴
20200629,23,2,3,7,,,,１／４車輪,11.4,,,,1,3,,棟方　次郎
20200629,23,2,4,4,,,,２　　車身,11.2,,,,3,2,,三上　佳孝
20200629,23,2,5,3,40,千葉県,A級2班,１／８車輪,11.3,,,,3,1,14816,齋藤　宗徳
20200629,23,2,6,5,49,栃木県,A級2班,１　　車身,11.1,,,,2,2,13613,宗景　祐樹
20200629,23,2,7,2,,,,１／２車身,11.0,,,,2,3,,幸田　光博
20200629,23,2,8,8,,,,１／２車身,11.4,,,,3,3,,松永　晃典
20200629,23,2,9,6,40,東京都,A級1班,大差,12.3,,,,2,1,14510,菅谷　隆司
20200629,23,3,1,5,36,千葉県,A級1班,,11.2,捲くり,,B,2,1,14591,本多　哲也
20200629,23,3,2,1,50,神奈川県,A級1班,１　　車輪,11.0,マーク,,,2,2,12963,荻野　　哲
20200629,23,3,3,2,44,茨城県,S級2班,１／２車身,11.0,,,,4,2,14004,松永　　将
20200629,23,3,4,9,39,東京都,A級1班,４　　車身,11.5,,,,4,1,14587,鈴木　謙二
20200629,23,3,5,4,47,群馬県,A級3班,１／２車身,11.3,,,,4,3,13548,手島　志誠
20200629,23,3,6,8,38,神奈川県,A級2班,１／４車輪,11.4,,,,2,3,14242,亀谷　隆一
20200629,23,3,7,7,43,北海道,A級1班,２　　車身,11.5,,,,1,1,13980,森田　康嗣
20200629,23,3,8,6,43,宮城県,A級2班,１車身１／２,11.9,,,,3,2,13988,阿部　英光
20200629,23,3,9,3,50,宮城県,A級1班,微差,12.0,,S,,3,1,13233,小松　剛之
20200629,23,4,1,2,37,福島県,S級2班,,11.4,逃げ,S,B,1,1,14361,真船圭一郎
20200629,23,4,2,4,36,北海道,S級2班,３／４車輪,11.4,マーク,,,1,2,14497,川津　悠揮
20200629,23,4,3,7,28,神奈川県,S級2班,３／４車身,11.1,,,,4,1,15170,川越　勇星
20200629,23,4,4,1,48,千葉県,S級2班,３／４車輪,11.1,,,,4,2,13628,石毛　克幸
20200629,23,4,5,9,46,静岡県,A級1班,１車身１／２,11.1,,,,4,3,13416,飯尾　主税
20200629,23,4,6,3,40,長野県,A級1班,１　　車輪,11.0,,,,2,1,14454,上原　　龍
20200629,23,4,7,6,40,埼玉県,S級2班,１　　車身,10.9,,,,3,1,14147,柿沼　信也
20200629,23,4,8,5,45,埼玉県,S級2班,１／２車身,10.8,,,,3,2,13622,白岩　大助
20200629,23,4,9,8,42,山梨県,A級2班,３　　車身,10.9,,,,2,2,14153,伊藤　太一
20200629,23,5,1,1,34,青森県,S級2班,,11.3,捲くり,,,2,1,14792,坂本　周輝
20200629,23,5,2,5,39,福島県,A級1班,３／４車輪,11.2,マーク,,,2,2,14135,金澤　幸司
20200629,23,5,3,2,46,神奈川県,S級2班,２　　車身,11.6,,,,3,2,13852,五十嵐　力
20200629,23,5,4,3,32,栃木県,S級2班,３／４車身,11.6,,,,1,1,14861,金子　幸央
20200629,23,5,5,9,43,埼玉県,S級2班,タイヤ差,11.5,,,,1,2,14371,岡　　光良
20200629,23,5,6,6,43,埼玉県,S級2班,１　　車身,11.5,,,,1,3,14009,大澤　雄大
20200629,23,5,7,4,41,千葉県,S級2班,１　　車輪,12.0,,,B,3,1,14378,加賀山　淳
20200629,23,5,8,8,50,静岡県,S級2班,４　　車身,11.6,,,,3,4,12886,中井　達郎
20200629,23,5,9,7,48,神奈川県,S級2班,１車身１／２,11.9,,,,3,3,13632,川口　直人
20200629,23,6,1,2,53,神奈川県,A級1班,,12.1,差し,,,1,2,13188,山田　幸司
20200629,23,6,2,3,50,群馬県,A級1班,３／４車身,12.0,差し,,,3,2,13546,田村　真広
20200629,23,6,3,6,58,東京都,S級2班,１／２車輪,11.9,,,,3,3,11477,川口　満宏
20200629,23,6,4,9,41,茨城県,S級2班,１車身１／２,12.1,,,,2,2,14286,関　　貴之
20200629,23,6,5,7,49,千葉県,S級2班,１／２車輪,12.3,,,,1,3,13465,春日　勇人
20200629,23,6,6,1,25,茨城県,S級2班,３／４車輪,12.4,,,,2,1,15334,朝倉　智仁
20200629,23,6,7,5,56,茨城県,A級1班,１／２車輪,12.1,,,,2,3,12164,堀　　政美
20200629,23,6,8,4,29,福島県,S級1班,３／４車身,12.6,,,B,1,1,15086,酒井　雄多
20200629,23,6,9,8,39,山梨県,S級2班,３／４車身,12.6,,,,3,1,14077,古屋　琢晶
20200629,23,7,1,2,42,神奈川県,S級1班,,11.2,差し,,,2,2,13945,福田　知也
20200629,23,7,2,7,28,静岡県,A級2班,１／２車身,11.5,差し,,,2,1,15174,菊池竣太朗
20200629,23,7,3,5,35,栃木県,S級1班,１／４車輪,11.6,,,B,1,1,14507,長島　大介
20200629,23,7,4,9,47,神奈川県,S級2班,３／４車輪,11.2,,,,2,3,13702,加藤　圭一
20200629,23,7,5,1,35,長野県,S級2班,１　　車身,11.2,,S,,1,3,14588,柿澤　大貴
20200629,23,7,6,6,40,千葉県,S級2班,１／４車輪,11.0,,,,3,1,14161,藤田　大輔
20200629,23,7,7,4,44,千葉県,S級2班,１車身１／２,11.1,,,,3,2,13766,武井　大介
20200629,23,7,8,8,33,千葉県,S級2班,３／４車身,10.9,,,,3,3,14817,佐藤　　壮
20200629,23,7,9,3,39,茨城県,S級2班,３　　車身,11.1,,,,1,2,14504,杉本　正隆
20200629,23,8,1,9,41,埼玉県,S級1班,,11.4,捲くり,,,2,1,14152,宿口　陽一
20200629,23,8,2,2,53,栃木県,A級1班,１／２車身,11.3,マーク,,,2,2,13014,江連　和洋
20200629,23,8,3,3,46,千葉県,S級2班,１／２車身,11.3,,S,,3,2,13410,伊勢崎彰大
20200629,23,8,4,7,50,青森県,S級2班,１／２車輪,11.2,,,,2,3,12786,佐藤　康紀
20200629,23,8,5,5,43,静岡県,S級1班,１車身１／２,11.5,,,,1,2,13772,岡村　　潤
20200629,23,8,6,6,52,宮城県,S級2班,２　　車身,11.6,,,,1,3,12487,紺野　哲也
20200629,23,8,7,4,37,千葉県,A級1班,３／４車身,11.6,,,,3,1,14590,近藤　夏樹
20200629,23,8,8,8,40,千葉県,A級1班,１車身１／２,11.6,,,,3,3,14240,須藤　　誠
20200629,23,8,9,1,35,神奈川県,S級1班,３／４車身,12.1,,,B,1,1,15050,堀内　俊介
20200629,23,9,1,5,39,千葉県,A級1班,,11.5,差し,,,1,2,14081,田中　晴基
20200629,23,9,2,1,43,青森県,A級1班,１／８車輪,11.2,差し,,,2,1,13985,高橋　陽介
20200629,23,9,3,3,36,千葉県,S級1班,１／２車輪,11.6,,,B,1,1,14380,根田　空史
20200629,23,9,4,4,35,秋田県,S級2班,３／４車輪,11.0,,,,2,3,14500,竹村　勇祐
20200629,23,9,5,7,39,青森県,S級2班,１／４車輪,11.2,,,,2,2,14428,鹿内　　翔
20200629,23,9,6,2,29,静岡県,S級1班,３　　車身,11.7,,,,3,2,15051,簗田　一輝
20200629,23,9,7,9,51,静岡県,S級2班,３／４車輪,11.7,,,,3,3,12887,新田　康仁
20200629,23,9,8,8,47,千葉県,S級2班,４　　車身,11.7,,,,1,3,13765,海老根恵太
20200629,23,9,9,6,30,静岡県,S級2班,８　　車身,12.7,,,,3,1,15262,内山　雅貴
20200629,23,10,1,1,34,神奈川県,S級S班,,11.4,捲くり,S,B,2,1,14741,郡司　浩平
20200629,23,10,2,9,43,神奈川県,S級1班,３／４車身,11.4,マーク,,,2,2,14018,内藤　秀久
20200629,23,10,3,5,47,静岡県,S級2班,１／２車身,11.3,,,,2,3,13328,萩原　孝之
20200629,23,10,4,4,41,福島県,S級1班,３／４車身,11.2,,,,1,2,13921,渡邉　一成
20200629,23,10,5,2,42,岩手県,S級1班,３／４車身,11.2,,,,1,3,13904,佐藤　友和
20200629,23,10,6,3,40,茨城県,S級1班,１車身１／２,11.7,,,,3,2,14860,吉澤　純平
20200629,23,10,7,7,36,茨城県,S級1班,３　　車身,11.9,,,,3,3,14441,芦澤　辰弘
20200629,23,10,8,6,39,岩手県,S級1班,大差,12.9,,,,1,1,14499,佐藤　博紀
20200629,23,10,9,8,26,埼玉県,S級1班,４　　車身,14.5,,,,3,1,15248,森田　優弥
20200629,23,11,1,1,48,福島県,S級1班,,11.7,差し,S,,2,2,13162,佐藤慎太郎
20200629,23,11,2,2,30,茨城県,S級1班,１／８車輪,11.4,差し,,,1,1,15039,吉田　拓矢
20200629,23,11,3,6,30,群馬県,S級1班,１／４車輪,11.0,,,,4,1,15243,小林　泰正
20200629,23,11,4,5,51,茨城県,S級1班,タイヤ差,11.3,,,,1,2,13923,武田　豊樹
20200629,23,11,5,7,46,宮城県,S級2班,１／８車輪,11.6,,,,2,3,13604,庄子　信弘
20200629,23,11,6,9,31,青森県,S級S班,１　　車身,11.9,,,B,2,1,15034,新山　響平
20200629,23,11,7,4,36,神奈川県,S級1班,２　　車身,11.5,,,,3,1,14384,佐藤　龍二
20200629,23,11,8,3,43,千葉県,S級2班,１／２車身,11.5,,,,3,2,13850,山賀　雅仁
20200629,23,11,9,8,39,栃木県,A級1班,３　　車身,11.4,,,,1,3,14221,古川　尚耶
20200629,23,12,1,4,45,福島県,S級1班,,11.0,差し,,,2,2,13920,山崎　芳仁
20200629,23,12,2,9,39,宮城県,S級1班,１　　車輪,11.1,捲くり,,,2,1,14129,菅田　壱道
20200629,23,12,3,1,42,埼玉県,S級S班,１／２車輪,10.5,,,,1,2,13841,平原　康多
20200629,23,12,4,8,42,茨城県,S級1班,１　　車身,11.8,,,,4,2,14930,杉森　輝大
20200629,23,12,5,5,42,神奈川県,S級1班,１／４車輪,11.1,,,,3,1,14020,松坂　洋平
20200629,23,12,6,2,47,千葉県,S級1班,３／４車身,11.1,,,,3,2,13252,中村　浩士
20200629,23,12,7,7,31,東京都,S級1班,１　　車輪,10.9,,,,1,1,15037,鈴木　竜士
20200629,23,12,8,6,30,栃木県,S級1班,１車身１／２,12.1,,,B,4,1,15341,坂井　　洋
20200629,23,12,落,3,45,福島県,S級1班,,,,,,2,3,13532,佐々木雄一
20200629,38,1,1,5,,,,,12.7,差し,,,1,3,,青島　宗仁
20200629,38,1,2,2,39,群馬県,A級2班,３／４車身,12.7,マーク,,,2,2,14064,吉松　賢二
20200629,38,1,3,1,,,,１／４車輪,12.9,,,,1,2,,海野　　晃
20200629,38,1,4,3,,,,３／４車身,13.1,,,B,2,1,,馬場　喜泰
20200629,38,1,5,4,,,,１／２車輪,13.0,,,,2,3,,晴山　裕之
20200629,38,1,6,6,,,,２　　車身,12.8,,S,,1,1,,平原　輝弥
20200629,38,2,1,5,,,,,12.1,逃げ,,B,1,1,,村上　　皇
20200629,38,2,2,4,41,埼玉県,A級2班,１　　車身,12.0,捲くり,S,,3,1,14496,天沼　雅貴
20200629,38,2,3,3,,,,１　　車輪,11.9,,,,2,1,,北澤　育夫
20200629,38,2,4,1,62,栃木県,A級3班,３／４車輪,12.0,,,,4,2,11346,野崎　修一
20200629,38,2,5,7,,,,大差,,,,,4,1,,小坂　　勇
20200629,38,2,6,6,,,,大差,,,,,1,3,,高浜　裕一
20200629,38,2,欠,2,,,,,,,,,1,2,,工藤　友樹
20200629,38,3,1,3,39,栃木県,A級3班,,11.6,捲くり,,,1,1,14808,村上　貴彦
20200629,38,3,2,1,,,,３／４車身,11.6,マーク,,,1,2,,岡崎　泰士
20200629,38,3,3,5,36,福島県,A級2班,３／４車身,12.1,,,,2,2,15241,山田　祐太
20200629,38,3,4,2,39,福島県,A級3班,１車身１／２,12.1,,S,,2,3,14218,邊見　　斎
20200629,38,3,5,7,,,,３／４車身,12.0,,,,3,1,,桜井　宏樹
20200629,38,3,6,6,,,,１車身１／２,12.7,,,B,2,1,,渡辺　雄太
20200629,38,3,7,4,,,,３　　車身,12.3,,,,3,2,,鈴木　淳也
20200629,38,4,1,5,35,山形県,A級3班,,12.6,逃げ,,B,3,1,15158,猪野　泰介
20200629,38,4,2,1,,,,１／２車輪,12.4,差し,,,3,3,,松本　昌士
20200629,38,4,3,6,47,宮城県,A級3班,３／４車輪,12.3,,,,3,4,13526,三澤　勝成
20200629,38,4,4,7,,,,１車身１／２,12.7,,,,3,2,,高橋　　潤
20200629,38,4,5,3,,,,３／４車身,12.4,,,,1,2,,南雲　孝之
20200629,38,4,6,2,55,静岡県,A級2班,４　　車身,12.9,,,,2,1,12439,河合　康晴
20200629,38,4,7,4,,,,大差,,,S,,1,1,,高橋　俊英
20200629,38,5,1,9,40,神奈川県,A級3班,,12.2,差し,,,2,1,14463,久保　将史
20200629,38,5,2,3,32,静岡県,A級1班,１／４車輪,12.6,捲くり,,B,3,1,15099,吉竹　尚城
20200629,38,5,3,1,46,神奈川県,A級2班,１／４車輪,12.1,,,,2,2,13768,旭　　啓介
20200629,38,5,4,4,46,神奈川県,A級2班,１車身１／２,12.0,,,,2,3,13705,佐藤　有輝
20200629,38,5,5,7,30,千葉県,A級2班,１／４車輪,11.7,,,,1,1,15045,大関　祐也
20200629,38,5,6,2,51,千葉県,A級2班,１／４車輪,11.7,,,,1,2,13184,相樂　　修
20200629,38,5,7,5,,,,３／４車身,12.2,,,,3,2,,松江　健一
20200629,38,5,8,8,49,静岡県,A級3班,８　　車身,12.4,,S,,4,2,13421,富澤　洋祐
20200629,38,5,9,6,,,,大差,,,,,4,1,,栗田　雅也
20200629,38,6,1,1,45,静岡県,A級2班,,12.1,捲くり,,B,2,2,14387,佐野　恭太
20200629,38,6,2,5,30,千葉県,A級1班,１／２車身,11.7,捲くり,,,3,1,15167,小林裕一朗
20200629,38,6,3,9,,,,１／２車輪,11.9,,,,1,2,,小林　　覚
20200629,38,6,4,8,43,静岡県,A級2班,３／４車身,12.1,,,,2,3,14389,村本　慎吾
20200629,38,6,5,7,,,,１／４車輪,11.8,,,,1,3,,出口　眞浩
20200629,38,6,6,2,52,千葉県,A級2班,３／４車輪,11.7,,S,,3,2,12876,湯浅　弘光
20200629,38,6,7,4,58,静岡県,A級3班,３　　車身,12.0,,,,2,4,11367,石川　一浩
20200629,38,6,8,3,46,神奈川県,A級2班,１／２車輪,12.3,,,,1,1,13854,川田　　忍
20200629,38,6,9,6,,,,大差,,,,,2,1,,塩田　大輔
20200629,38,7,1,1,27,福島県,A級1班,,12.2,差し,,,1,2,15332,鈴木　涼介
20200629,38,7,2,2,31,埼玉県,S級2班,１／８車輪,12.1,マーク,,,2,1,15344,荒木　貴大
20200629,38,7,3,5,25,宮城県,S級2班,１　　車身,12.5,,,B,1,1,15327,阿部架惟都
20200629,38,7,4,7,41,東京都,A級2班,１／８車輪,12.1,,,,2,2,14366,阿久津浩之
20200629,38,7,5,6,39,福島県,A級3班,１車身１／２,12.1,,,,1,3,14357,佐藤　康恭
20200629,38,7,6,4,47,群馬県,A級3班,大差,,,,,3,2,13547,土屋　　宏
20200629,38,7,7,3,26,茨城県,A級1班,３　　車身,,,,,3,1,15339,土田　武志
20200629,38,8,1,7,48,静岡県,A級1班,,12.1,差し,,,3,2,13775,鈴木　良太
20200629,38,8,2,2,45,静岡県,A級1班,３／４車輪,12.0,マーク,S,,3,3,13859,荒木　伸哉
20200629,38,8,3,8,,,,３／４車身,11.9,,,,2,2,,篠田　宗克
20200629,38,8,4,1,52,千葉県,A級1班,３／４車輪,12.0,,,,2,1,12875,中曽　直彦
20200629,38,8,5,3,35,神奈川県,S級2班,１／２車身,12.1,,,,1,2,14592,小島　　歩
20200629,38,8,6,4,38,静岡県,A級2班,１／２車輪,12.4,,,B,3,1,14243,齊藤　健人
20200629,38,8,7,9,41,神奈川県,A級2班,１／４車輪,12.0,,,,1,3,14383,河野　　要
20200629,38,8,8,5,36,神奈川県,A級1班,１／２車輪,12.3,,,,1,1,14867,巴　　直也
20200629,38,8,9,6,37,神奈川県,A級2班,１　　車輪,12.0,,,,1,4,14522,高橋　佑輔
20200629,38,9,1,1,42,静岡県,A級1班,,12.2,差し,,,3,2,14024,櫻井　　丈
20200629,38,9,2,8,47,静岡県,A級2班,３／４車身,12.2,マーク,,,3,3,13259,望月　紀男
20200629,38,9,3,7,27,神奈川県,S級2班,タイヤ差,12.5,,,B,2,1,15353,松坂　侑亮
20200629,38,9,4,9,41,千葉県,A級2班,１　　車輪,11.8,,,,1,2,14083,成清謙二郎
20200629,38,9,5,3,38,千葉県,A級1班,１／８車輪,12.0,,S,,1,1,14710,花田　将司
20200629,38,9,6,5,47,神奈川県,A級2班,１／２車輪,12.0,,,,2,3,13899,山田　和巧
20200629,38,9,7,4,31,静岡県,A級3班,３　　車身,12.8,,,,3,1,15175,桜井　大地
20200629,38,9,8,2,35,神奈川県,A級1班,２　　車身,12.6,,,,2,2,14520,伊藤　彰規
20200629,38,9,9,6,46,千葉県,A級3班,３／４車身,12.2,,,,1,3,14381,吉澤　　賢
20200629,38,10,1,5,36,千葉県,A級1班,,11.8,捲くり,,,3,1,14455,小野　裕次
20200629,38,10,2,7,33,静岡県,S級2班,１　　車輪,12.2,逃げ,,B,1,1,14826,菅原　裕太
20200629,38,10,3,4,43,千葉県,A級1班,３／４車身,11.7,,,,3,3,14456,亀井　久幸
20200629,38,10,4,6,40,千葉県,A級2班,３／４車身,11.9,,,,3,2,14738,櫻川　雅彦
20200629,38,10,5,1,53,静岡県,A級3班,１／４車輪,,,S,,1,2,12514,海野　敦男
20200629,38,10,6,3,46,千葉県,A級1班,１／４車輪,11.6,,,,3,4,13695,岡本　英之
20200629,38,10,7,2,48,神奈川県,A級1班,１／２車輪,,,,,2,1,13469,野村　純宏
20200629,38,10,8,8,46,静岡県,A級2班,１／２車身,,,,,1,3,13423,増田　利明
20200629,38,10,失,9,54,千葉県,A級2班,,,,,,3,5,12431,會田　正一
20200629,47,1,1,5,37,東京都,L級1班,,12.1,捲くり,,B,1,1,14962,石井　貴子
20200629,47,1,1,5,35,千葉県,L級1班,,12.1,捲くり,,B,1,1,15023,石井　貴子
20200629,47,1,2,1,28,三重県,L級1班,３／４車身,11.9,捲くり,,,2,1,15224,太田　美穂
20200629,47,1,3,3,28,愛知県,L級1班,４　　車身,12.5,,,,3,1,15149,中野　　咲
20200629,47,1,4,6,30,長崎県,L級1班,２　　車身,12.3,,,,5,1,15074,島田　優里
20200629,47,1,5,7,28,愛知県,L級1班,１／２車身,12.6,,S,,4,1,15223,中西　叶美
20200629,47,1,6,4,,,,１／８車輪,12.2,,,,6,1,,白井美早子
20200629,47,1,7,2,,,,３　　車身,12.9,,,,7,1,,飯塚　朋子
20200629,47,2,1,4,36,福岡県,L級1班,,12.0,捲くり,,B,1,1,15027,長澤　　彩
20200629,47,2,2,1,,,,４　　車身,12.3,逃げ,,,3,1,,亀川　史華
20200629,47,2,3,3,39,岐阜県,L級1班,１　　車身,12.2,,S,,2,1,14970,小坂　知子
20200629,47,2,4,2,39,愛知県,L級1班,１／２車身,12.1,,,,7,1,15146,齊藤　由紀
20200629,47,2,5,7,,,,１　　車身,12.2,,,,5,1,,坂口　聖香
20200629,47,2,6,6,35,愛知県,L級1班,１　　車身,12.1,,,,6,1,15147,佐々木恵理
20200629,47,2,7,5,27,三重県,L級1班,１車身１／２,12.3,,,,4,1,15310,川嶋　百香
20200629,47,3,1,5,,,,,12.5,差し,,,2,2,,久保田奉文
20200629,47,3,2,2,46,大阪府,A級3班,１／２車輪,12.4,マーク,,,2,3,13796,陶器　一馬
20200629,47,3,3,4,40,奈良県,A級3班,１／２車身,12.6,,S,B,2,1,14179,肥後　公允
20200629,47,3,4,7,,,,１／２車輪,12.2,,,,1,2,,手嶋　　靖
20200629,47,3,5,1,,,,３／４車身,12.3,,,,3,1,,梅澤　謙芝
20200629,47,3,6,6,,,,１　　車輪,12.2,,,,3,2,,近藤　幸徳
20200629,47,3,7,3,40,千葉県,A級3班,３／４車身,12.6,,,,1,1,14519,湯浅　大輔
20200629,47,4,1,7,41,神奈川県,A級3班,,12.4,捲くり,,,1,1,15260,國井　裕樹
20200629,47,4,2,4,48,岐阜県,A級3班,１　　車身,12.3,捲くり,,,2,1,13266,伊藤　嘉浩
20200629,47,4,3,2,50,神奈川県,A級3班,１／２車輪,12.4,,,,1,2,13109,志村　正洋
20200629,47,4,4,1,46,岐阜県,A級2班,１／２車身,12.2,,,,2,2,13781,服部　正継
20200629,47,4,5,5,,,,２　　車身,12.4,,,,3,1,,幡中　幸弘
20200629,47,4,6,3,,,,１　　車輪,12.6,,,,4,2,,吉田　尚作
20200629,47,4,7,6,,,,６　　車身,13.8,,,B,4,1,,岩井　良平
20200629,47,5,1,1,39,兵庫県,A級2班,,12.1,逃げ,,B,2,1,14840,石貞　有基
20200629,47,5,2,5,52,兵庫県,A級2班,１／４車輪,12.0,マーク,,,2,2,12753,柳澤　達也
20200629,47,5,3,7,,,,１／８車輪,11.8,,,,2,3,,中畑　利英
20200629,47,5,4,3,,,,１／２車身,11.6,,S,,1,1,,武藤　貴志
20200629,47,5,5,4,48,大阪府,A級3班,１／２車身,11.8,,,,3,2,13795,井上　将志
20200629,47,5,5,4,38,福岡県,A級2班,１／２車身,11.8,,,,3,2,14687,井上　将志
20200629,47,5,5,4,40,兵庫県,A級3班,１／２車身,11.8,,,,3,2,14841,井上　将志
20200629,47,5,6,6,,,,５　　車身,11.9,,,,1,2,,砂川　秀樹
20200629,47,5,7,2,,,,大差,13.5,,,,3,1,,浅井　雄三
20200629,47,6,1,4,36,兵庫県,A級3班,,12.3,差し,,,1,2,14678,樋口有樹郎
20200629,47,6,2,1,,,,１　　車輪,12.2,捲くり,S,,3,3,,植木　貴志
20200629,47,6,3,6,55,神奈川県,A級3班,３／４車輪,12.2,,,,2,1,12585,郷坪　和博
20200629,47,6,4,3,49,愛知県,A級3班,１／２車身,12.0,,,,3,2,13261,柴田　昌樹
20200629,47,6,5,5,29,岐阜県,A級2班,３／４車身,12.7,,,B,3,1,15357,藤井　稜也
20200629,47,6,6,2,40,大阪府,A級3班,３／４車身,12.7,,,,1,1,14760,岡嶋　　登
20200629,47,6,7,7,,,,１／２車身,12.6,,,,1,3,,辻本　兼市
20200629,47,7,1,5,25,栃木県,S級2班,,11.7,捲くり,,B,2,1,15342,福田　　滉
20200629,47,7,2,2,53,千葉県,A級2班,２　　車身,11.7,マーク,,,2,2,12432,石井　　孝
20200629,47,7,3,4,,,,３／４車身,11.8,,,,3,3,,北川　智博
20200629,47,7,4,3,27,愛知県,A級3班,３／４車身,11.6,,,,1,1,15355,磯村　蓮太
20200629,47,7,5,7,40,大阪府,A級3班,１／４車輪,11.9,,,,3,2,14099,坂本　佳憲
20200629,47,7,6,6,,,,１　　車身,11.5,,,,1,2,,太田黒真也
20200629,47,7,7,1,48,兵庫県,A級2班,１／２車輪,12.2,,,,3,1,13584,坂田　　学
20200629,51,1,1,1,32,石川県,A級1班,,12.3,逃げ,,B,1,1,15182,吉川　希望
20200629,51,1,2,9,49,石川県,A級1班,タイヤ差,12.1,マーク,,,1,2,13121,山田　晃久
20200629,51,1,3,5,45,富山県,A級3班,１　　車身,12.1,,,,1,3,13867,樋口　奨平
20200629,51,1,4,2,54,大阪府,A級3班,３／４車輪,12.1,,,,2,2,12444,垣外中勝哉
20200629,51,1,5,7,37,愛知県,A級1班,３／４車輪,12.1,,,,3,1,15266,福田　真平
20200629,51,1,6,4,43,大阪府,A級2班,３／４車身,12.3,,,,2,1,14820,中井　勇介
20200629,51,1,7,6,35,兵庫県,A級1班,３／４車身,12.4,,,,4,1,14951,後藤　祐貴
20200629,51,1,8,8,52,和歌山県,A級3班,１　　車身,12.3,,,,4,2,12603,大川　栄二
20200629,51,1,9,3,49,愛知県,A級3班,大差,13.6,,,,3,2,13573,高野　輝彰
20200629,51,2,1,5,31,岐阜県,A級1班,,11.6,捲くり,,B,2,1,15359,山口　聖矢
20200629,51,2,2,1,53,岐阜県,A級1班,３／４車身,11.6,マーク,S,,2,2,12519,藤原　　誠
20200629,51,2,3,4,49,和歌山県,A級2班,６　　車身,12.2,,,,4,2,13127,北浦　弘幹
20200629,51,2,4,8,,,,３／４車身,12.0,,,,3,1,,一丸　安貴
20200629,51,2,5,7,38,滋賀県,A級2班,１／４車輪,11.9,,,,6,1,14476,乾　　庄平
20200629,51,2,6,3,39,石川県,A級2班,１　　車輪,12.2,,,,1,1,14474,山崎　　晃
20200629,51,2,7,9,51,石川県,A級2班,１／２車輪,12.2,,,,1,2,12681,辻　　　力
20200629,51,2,8,2,40,滋賀県,A級2班,２　　車身,12.5,,,,5,1,14093,窪田　陽介
20200629,51,2,9,6,28,和歌山県,A級3班,３　　車身,13.0,,,,4,1,15111,布居　　翼
20200629,51,3,1,2,41,三重県,S級2班,,11.7,捲くり,,B,1,1,14978,谷口　明正
20200629,51,3,2,1,39,大阪府,A級1班,１／２車身,11.3,捲くり,,,2,1,15007,岸川　哲也
20200629,51,3,3,9,44,三重県,S級2班,１／２車身,11.7,,,,1,2,13864,伊藤　世哉
20200629,51,3,4,7,38,京都府,A級1班,２　　車身,11.4,,,,2,2,14479,金子　浩貴
20200629,51,3,5,5,,,,５　　車身,11.7,,,,2,3,,澤田　光浩
20200629,51,3,6,3,,,,１車身１／２,12.4,,,,3,2,,丸元　大樹
20200629,51,3,7,6,,,,２　　車身,12.4,,,,3,3,,河野　克也
20200629,51,3,8,4,47,三重県,A級3班,１　　車身,12.5,,,,1,3,13269,田島　高志
20200629,51,3,9,8,36,兵庫県,A級2班,４　　車身,13.1,,,,3,1,15190,大中　拓磨
20200629,51,4,1,4,37,奈良県,A級2班,,12.0,捲くり,,,3,1,14979,黒川　　渉
20200629,51,4,2,9,42,愛知県,S級2班,１／８車輪,12.3,逃げ,,B,1,1,14026,高橋　成英
20200629,51,4,3,5,40,大阪府,A級1班,１／８車輪,11.8,,,,4,2,14400,志水　祐彦
20200629,51,4,4,2,55,兵庫県,A級3班,３／４車身,11.7,,,,2,2,12532,西郷　　剛
20200629,51,4,5,1,,,,１／８車輪,12.0,,,,3,2,,松山　勝久
20200629,51,4,6,6,48,愛知県,A級2班,３／４車輪,12.1,,,,1,3,13264,山中　貴雄
20200629,51,4,6,6,42,高知県,S級2班,３／４車輪,12.1,,,,1,3,14108,山中　貴雄
20200629,51,4,7,3,52,愛知県,A級3班,１／４車輪,12.3,,,,1,2,12671,滝川　秀嗣
20200629,51,4,8,8,40,大阪府,A級1班,１／２車身,12.1,,,,4,1,14098,菊谷　信一
20200629,51,4,9,7,34,和歌山県,A級1班,３／４車輪,12.1,,,,2,1,15112,日浦　崇道
20200629,51,5,1,1,38,京都府,A級2班,,11.3,差し,,,1,2,14316,山崎　光展
20200629,51,5,2,5,26,福井県,S級2班,１／４車輪,11.5,逃げ,,B,1,1,15362,脇本　勇希
20200629,51,5,3,9,50,京都府,A級2班,３／４車身,11.3,,,,1,3,13049,南　　大輔
20200629,51,5,4,3,41,大阪府,A級1班,１　　車身,11.1,,,,2,1,14180,坂本　匡洋
20200629,51,5,5,8,42,大阪府,A級3班,１車身１／２,11.1,,,,2,2,14101,永橋　武司
20200629,51,5,6,7,48,三重県,A級3班,３　　車身,11.4,,,,3,2,13333,小西　誠也
20200629,51,5,7,4,53,愛知県,A級3班,３／４車身,11.3,,,,3,3,12593,山田　圭二
20200629,51,5,8,6,42,愛知県,A級2班,３／４車身,11.3,,,,3,4,14596,中村　賢二
20200629,51,5,9,2,38,岐阜県,A級2班,１／２車輪,11.7,,,,3,1,14172,山田　隼司
20200629,51,6,1,9,35,愛知県,A級2班,,11.9,捲くり,,,3,1,14997,下岡　優季
20200629,51,6,2,3,57,愛知県,A級2班,１　　車身,11.9,マーク,,,3,2,11619,疋田　　敏
20200629,51,6,3,4,49,愛知県,A級1班,タイヤ差,11.8,,,,3,3,13041,三浦　稔希
20200629,51,6,4,2,,,,３／４車身,11.6,,,,1,3,,竹内　公亮
20200629,51,6,5,5,48,岐阜県,S級2班,微差,11.5,,,,1,4,13196,竹田　和幸
20200629,51,6,6,1,34,福井県,S級2班,１車身１／２,12.4,,,B,2,1,14942,清水　剛志
20200629,51,6,7,7,50,富山県,A級1班,１／２車身,12.0,,,,2,2,13120,宮越　　大
20200629,51,6,8,6,30,岐阜県,A級1班,３　　車身,12.4,,,,1,2,15001,堀　　兼壽
20200629,51,6,9,8,31,岐阜県,A級1班,３　　車身,13.0,,,,1,1,15000,藤井　準也
20200629,51,7,1,7,36,岐阜県,S級2班,,11.1,捲くり,,,1,1,14394,不破　将登
20200629,51,7,2,3,40,三重県,S級2班,１／２車身,11.1,マーク,,,1,2,14175,柴崎　俊光
20200629,51,7,3,2,52,兵庫県,S級2班,１／４車輪,11.4,,,,2,2,12533,澤田　義和
20200629,51,7,4,1,52,愛知県,S級2班,１　　車輪,10.9,,S,,1,4,12669,伊藤　正樹
20200629,51,7,5,9,49,三重県,A級1班,１／２車輪,11.0,,,,1,3,13197,鈴木　幸紀
20200629,51,7,6,5,49,兵庫県,S級2班,３／４車輪,11.7,,,B,2,1,13800,中村　一将
20200629,51,7,7,6,28,大阪府,S級2班,１車身１／２,10.8,,,,3,1,15272,中釜　章成
20200629,51,7,8,4,51,滋賀県,A級1班,タイヤ差,11.6,,,,2,3,12899,中井　　護
20200629,51,7,9,8,51,滋賀県,A級1班,３　　車身,11.6,,,,2,4,12759,金山　栄治
20200629,51,8,1,1,39,和歌山県,S級2班,,11.4,差し,,,3,2,14318,椎木尾拓哉
20200629,51,8,2,7,44,奈良県,S級2班,１　　車輪,11.9,捲くり,,,1,2,14878,伊代野貴照
20200629,51,8,3,3,39,大阪府,S級1班,１　　車身,11.9,,,,2,1,14545,岡崎　智哉
20200629,51,8,4,8,49,石川県,S級2班,１／４車輪,11.4,,,,4,2,13045,岩本　和也
20200629,51,8,5,2,39,滋賀県,S級2班,１／８車輪,12.1,,,B,1,1,14757,藤井　昭吾
20200629,51,8,6,6,54,富山県,A級2班,３　　車身,11.4,,,,4,3,12598,大庭　正紀
20200629,51,8,7,4,48,岐阜県,A級1班,３　　車身,12.2,,,,4,1,14307,谷田　泰平
20200629,51,8,故,5,36,和歌山県,S級2班,,,,,,3,1,14398,藤田　勝也
20200629,51,8,失,9,39,沖縄県,A級1班,,,,,,2,2,14876,冨尾　享平
20200629,51,9,1,1,47,岐阜県,A級1班,,11.8,差し,,,1,2,13332,吉村　和之
20200629,51,9,2,7,41,三重県,S級2班,３／４車輪,11.7,マーク,,,1,3,14029,上田　国広
20200629,51,9,3,2,44,福井県,S級2班,１／８車輪,11.4,,,,2,2,13724,渡辺　十夢
20200629,51,9,4,8,44,富山県,A級1班,１／２車輪,11.9,,,B,1,1,14090,竹澤　浩司
20200629,51,9,5,3,46,兵庫県,S級2班,３／４車身,11.8,,,,4,1,13798,木村　直隆
20200629,51,9,6,9,42,大阪府,A級1班,１／４車輪,11.6,,,,2,1,14096,伊藤　成紀
20200629,51,9,7,6,46,京都府,A級1班,１／２車身,11.3,,,,3,1,14315,西谷　岳文
20200629,51,9,8,5,40,福井県,A級1班,１／２車輪,11.4,,,,2,3,14091,伊原　弘幸
20200629,51,9,9,4,37,和歌山県,A級3班,１／４車輪,11.2,,S,,3,2,14319,中野　彰人
20200629,51,10,1,5,35,奈良県,S級1班,,11.6,捲くり,,,1,1,14605,中井　太祐
20200629,51,10,2,1,41,福井県,S級2班,３／４車輪,11.5,マーク,,,1,2,13959,鷲田　佳史
20200629,51,10,3,6,37,福井県,S級2班,１　　車身,11.5,,,,1,3,14475,高間　悠平
20200629,51,10,4,7,51,石川県,A級1班,１／２車輪,11.3,,,,3,2,12679,坂上　忠克
20200629,51,10,5,2,50,富山県,A級1班,１／２車輪,11.4,,,,3,1,13482,松崎　貴久
20200629,51,10,6,3,45,大阪府,S級1班,１／２車輪,11.8,,S,,2,2,13961,松村　友和
20200629,51,10,7,9,39,岐阜県,S級2班,１車身１／２,11.8,,,,4,2,14750,今藤　康裕
20200629,51,10,8,8,34,大阪府,A級1班,２　　車身,12.2,,,B,2,1,14839,山本　巨樹
20200629,51,10,9,4,37,岐阜県,S級2班,６　　車身,12.7,,,,4,1,14246,森川　大輔
20200629,51,11,1,9,34,大阪府,S級S班,,11.5,捲くり,,B,4,2,14838,古性　優作
20200629,51,11,2,1,47,京都府,S級1班,１／８車輪,11.4,マーク,,,4,3,13790,稲垣　裕之
20200629,51,11,3,5,37,三重県,S級2班,１　　車身,11.4,,,,2,2,14472,坂口　晃輔
20200629,51,11,4,7,45,愛知県,S級2班,１　　車身,11.4,,,,3,1,13719,吉田　敏洋
20200629,51,11,5,2,49,愛知県,A級1班,３／４車身,11.3,,,,3,2,12972,金子　貴志
20200629,51,11,6,3,40,三重県,S級1班,１／２車輪,11.7,,,,2,1,14089,浅井　康太
20200629,51,11,7,8,52,岐阜県,S級1班,２　　車身,11.7,,,,1,2,12596,志智　俊夫
20200629,51,11,8,6,35,和歌山県,S級2班,大差,13.1,,,,4,1,14606,稲毛　健太
20200629,51,11,9,4,37,岐阜県,S級2班,１／２車輪,12.6,,,,1,1,14752,竹内　雄作
20200629,81,1,1,1,57,岡山県,A級2班,,12.0,差し,,,1,2,11935,高嶋　一朗
20200629,81,1,2,4,55,佐賀県,A級1班,３／４車輪,11.7,差し,,,2,2,12326,國武　耕二
20200629,81,1,3,3,43,佐賀県,A級2班,１／２車輪,11.8,,,,2,1,14046,秋山　貴宏
20200629,81,1,4,7,28,岡山県,A級1班,１　　車身,12.3,,,B,1,1,15278,田中　和磨
20200629,81,1,5,6,,,,３／４車身,12.2,,,,1,3,,和田　誠吾
20200629,81,1,6,2,46,福岡県,A級1班,１　　車輪,11.6,,,,3,2,13810,良永　浩一
20200629,81,1,7,5,43,福岡県,A級2班,３／４車身,11.8,,,,3,1,13893,片山　直人
20200629,81,2,1,1,41,長崎県,A級1班,,11.5,捲くり,S,,2,2,15014,西田　将士
20200629,81,2,2,3,36,山口県,A級2班,３／４車身,11.3,捲くり,,,3,1,14351,田口　　守
20200629,81,2,3,5,44,福岡県,A級3班,３／４車輪,12.0,,,B,1,1,14490,永田　隼一
20200629,81,2,4,2,53,熊本県,A級3班,３／４車輪,11.9,,,,1,2,12402,時松　　正
20200629,81,2,5,4,53,熊本県,A級3班,１　　車身,11.8,,,,1,3,12550,荒木　真慈
20200629,81,2,6,6,50,岡山県,A級2班,１／８車輪,11.4,,,,3,2,13056,山本　貴章
20200629,81,2,7,7,38,佐賀県,A級1班,３／４車身,12.0,,,,2,1,14337,佐々木翔一
20200629,81,3,1,1,45,宮崎県,S級2班,,11.5,差し,S,,1,2,13667,田中　洋輔
20200629,81,3,2,7,39,大分県,A級1班,３／４車身,11.7,捲くり,,,1,1,14891,小岩　哲也
20200629,81,3,3,2,34,山口県,A級3班,１／４車輪,11.9,,,B,3,1,14884,友永　龍介
20200629,81,3,4,4,54,岡山県,A級3班,３／４車輪,11.8,,,,3,2,12379,小林　　健
20200629,81,3,5,6,39,熊本県,A級2班,１／２車身,11.4,,,,2,1,14274,吉成　晃一
20200629,81,3,6,3,54,熊本県,A級3班,１／２車輪,11.8,,,,3,3,12782,米丸　俊成
20200629,81,3,7,5,54,福岡県,A級2班,１／８車輪,11.5,,,,1,3,12242,穴井　利久
20200629,81,4,1,7,47,福岡県,A級3班,,11.1,捲くり,,,2,1,13594,高田　真幸
20200629,81,4,2,2,51,熊本県,A級2班,１　　車身,11.1,マーク,,,2,2,12779,田川　辰二
20200629,81,4,3,4,61,鹿児島県,A級2班,５　　車身,11.3,,,,2,3,11451,重　　一徳
20200629,81,4,4,1,30,山口県,A級2班,２　　車身,11.9,,,B,1,1,15283,安本　昇平
20200629,81,4,5,6,32,愛媛県,A級2班,３　　車身,12.2,,S,,3,1,15126,高山　雄丞
20200629,81,4,6,3,51,愛媛県,A級2班,１／８車輪,12.0,,,,3,2,13142,黒田　大介
20200629,81,4,7,5,,,,１　　車身,12.2,,,,1,2,,平坂　典也
20200629,81,5,1,5,43,愛媛県,A級2班,,11.7,捲くり,,B,3,2,13969,武田　良太
20200629,81,5,2,4,42,愛媛県,A級1班,３／４車輪,11.7,マーク,,,3,3,14037,橋本　勝弘
20200629,81,5,3,1,51,福岡県,A級3班,２　　車身,11.8,,S,,1,2,12847,古閑　良介
20200629,81,5,4,7,28,熊本県,S級1班,１／２車身,12.0,,,,1,1,15297,上野　優太
20200629,81,5,5,3,42,長崎県,A級2班,５　　車身,12.2,,,,1,3,14048,川島　　勝
20200629,81,5,6,2,46,愛媛県,A級3班,３　　車身,12.8,,,,3,1,14413,松本　充生
20200629,81,5,7,6,,,,９　　車身,13.2,,,,2,1,,江口　晃正
20200629,81,6,1,1,26,愛媛県,S級2班,,12.4,逃げ,S,B,1,1,15380,外田　心斗
20200629,81,6,2,7,48,愛媛県,A級1班,１／２車身,12.3,マーク,,,1,2,13363,宇根　秀俊
20200629,81,6,3,3,44,広島県,A級2班,３　　車身,11.7,,,,3,2,13888,細川　貴史
20200629,81,6,4,5,43,岡山県,A級2班,１／４車輪,11.8,,,,3,1,14880,野見　泰要
20200629,81,6,5,4,47,長崎県,A級2班,３／４車身,11.7,,,,3,3,13663,中野　功史
20200629,81,6,6,6,38,福岡県,A級2班,３／４車身,11.5,,,,2,1,14335,中園　朋亨
20200629,81,6,7,2,51,福岡県,A級2班,１／２車輪,11.5,,,,1,3,12766,立石　拓也
20200629,81,7,1,5,45,大分県,S級2班,,11.8,差し,,,2,2,13593,大野　悟郎
20200629,81,7,2,2,39,熊本県,A級1班,３／４車輪,11.9,逃げ,,B,2,1,14709,松岡　孝高
20200629,81,7,3,1,40,福岡県,S級2班,１／２車身,11.8,,S,,1,2,14558,松尾　　透
20200629,81,7,4,4,36,沖縄県,A級1班,３／４車輪,11.7,,,,2,3,14566,安谷屋将志
20200629,81,7,5,3,39,福岡県,A級1班,１／２車身,11.8,,,,1,3,14263,樫山　恭柄
20200629,81,7,6,6,52,福岡県,A級2班,３／４車輪,11.6,,,,1,4,13068,城戸崎隆史
20200629,81,7,7,7,30,福岡県,A級1班,９　　車身,13.0,,,,1,1,15206,鶴　　良生
20200629,85,1,1,7,43,福岡県,A級3班,,12.3,差し,,,3,2,14195,田中　孝法
20200629,85,1,2,3,,,,１　　車輪,12.4,逃げ,,B,3,1,,竹元　太志
20200629,85,1,3,4,57,福岡県,A級3班,１／４車輪,12.2,,,,3,3,11741,澤亀　浩司
20200629,85,1,4,8,,,,１／８車輪,11.9,,,,4,1,,森山　昌昭
20200629,85,1,5,9,44,熊本県,A級3班,１車身１／２,12.1,,,,1,1,14049,廣田　樹里
20200629,85,1,6,1,,,,１車身１／２,12.2,,,,1,2,,宮路　智裕
20200629,85,1,7,2,33,佐賀県,A級3班,１／２車輪,12.2,,,,2,1,15013,平川慎太郎
20200629,85,1,8,5,43,大分県,A級2班,１　　車身,12.2,,,,1,3,13817,吉川　裕二
20200629,85,1,9,6,,,,５　　車身,12.7,,,,2,2,,原　　敬次
20200629,85,2,1,9,41,福岡県,A級3班,,12.2,捲くり,,,4,1,14449,片折　勇輝
20200629,85,2,2,7,49,福岡県,A級3班,微差,12.0,マーク,,,4,2,13366,加藤　昌平
20200629,85,2,3,8,43,鹿児島県,A級2班,３／４車輪,12.0,,,,3,2,13974,大竹野裕樹
20200629,85,2,4,5,40,長崎県,A級2班,２　　車身,12.3,,,,2,2,14342,南部　亮太
20200629,85,2,5,2,42,福岡県,A級1班,３　　車身,12.1,,S,,1,1,13971,内山　　拓
20200629,85,2,6,4,49,福岡県,A級3班,２　　車身,12.1,,,,1,2,13513,南　　和夫
20200629,85,2,7,6,,,,３／４車身,12.4,,,,2,3,,川崎　正安
20200629,85,2,8,1,37,佐賀県,A級2班,３　　車身,13.2,,,B,2,1,14267,一ノ瀬　匠
20200629,85,2,9,3,41,宮崎県,A級2班,８　　車身,13.9,,,,3,1,14495,下沖　功児
20200629,85,3,1,1,49,長崎県,A級2班,,11.6,差し,,,2,2,13371,足達　重満
20200629,85,3,2,4,32,熊本県,A級2班,１／２車輪,11.6,捲くり,,B,2,1,15214,境　　啓亨
20200629,85,3,3,5,50,長崎県,A級2班,１／２車身,11.5,,,,2,3,13147,米嶋　賢二
20200629,85,3,4,9,43,福岡県,A級2班,１車身１／２,11.5,,,,1,3,14265,松永　真太
20200629,85,3,5,8,,,,１車身１／２,11.5,,S,,3,1,,西村　尚文
20200629,85,3,6,7,48,福岡県,A級2班,２　　車身,11.8,,,,1,2,13660,徳吉　広紀
20200629,85,3,7,6,52,長崎県,A級3班,３／４車身,11.6,,,,2,4,12997,後田　康成
20200629,85,3,8,3,,,,１／２車身,11.8,,,,3,2,,塩満　賢治
20200629,85,3,9,2,37,福岡県,A級2班,大差,13.1,,,,1,1,14415,楢原　由将
20200629,85,4,1,1,36,熊本県,S級2班,,12.0,差し,,,1,2,14564,塚本　大樹
20200629,85,4,2,2,38,大分県,A級2班,１／２車身,12.5,捲くり,,B,2,2,14561,高橋　義秋
20200629,85,4,3,8,40,大分県,A級2班,１／２車身,12.4,,,,2,3,14418,安部　龍文
20200629,85,4,4,9,36,熊本県,S級2班,１／４車輪,12.2,,,,1,1,14786,本郷　雄三
20200629,85,4,5,4,51,佐賀県,A級2班,３／４車身,12.1,,,,3,2,12920,山崎　岳志
20200629,85,4,6,5,34,福岡県,S級2班,１／２車輪,12.7,,,,4,1,14779,名川　　豊
20200629,85,4,7,7,45,福岡県,A級2班,１／２車輪,12.5,,S,,4,2,13595,別所　英幸
20200629,85,4,8,3,37,佐賀県,A級2班,８　　車身,12.8,,,,3,1,14492,飯塚　隼人
20200629,85,4,9,6,32,大分県,A級1班,７　　車身,14.1,,,,2,1,15131,池部　壮太
20200629,85,5,1,3,38,熊本県,S級2班,,11.6,捲くり,,,3,1,14691,東矢　昇太
20200629,85,5,2,7,35,熊本県,S級2班,１／８車輪,11.4,マーク,,,3,2,14633,田中　陽平
20200629,85,5,3,8,44,熊本県,A級3班,１／２車身,11.7,,S,,3,3,14120,永田　修一
20200629,85,5,4,1,31,長崎県,S級2班,１　　車身,11.7,,,,2,2,15067,瀬戸　晋作
20200629,85,5,5,2,45,福岡県,A級1班,２　　車身,11.7,,,,1,2,13659,高比良　豪
20200629,85,5,6,9,47,福岡県,A級2班,３／４車身,11.7,,,,1,3,13809,杉山　　剛
20200629,85,5,7,6,46,長崎県,A級3班,２　　車身,12.0,,,,2,3,14782,山口幸太郎
20200629,85,5,8,5,28,長崎県,S級2班,１　　車身,12.5,,,B,2,1,15211,平尾　一晃
20200629,85,5,9,4,48,大阪府,A級3班,大差,13.8,,,,1,1,13795,井上　将志
20200629,85,5,9,4,38,福岡県,A級2班,大差,13.8,,,,1,1,14687,井上　将志
20200629,85,5,9,4,40,兵庫県,A級3班,大差,13.8,,,,1,1,14841,井上　将志
20200629,85,6,1,2,39,佐賀県,S級2班,,11.4,差し,,,1,2,14339,成松　春樹
20200629,85,6,2,9,30,栃木県,S級1班,１／２車輪,11.5,捲くり,,B,1,1,15289,橋本　瑠偉
20200629,85,6,3,3,59,大分県,A級3班,４　　車身,11.8,,,,3,2,11198,大竹　慎吾
20200629,85,6,4,5,48,熊本県,A級2班,１車身１／２,11.8,,,,1,3,13520,高木　竜司
20200629,85,6,5,7,37,大分県,A級1班,１車身１／２,12.0,,,,3,3,14270,小原　将通
20200629,85,6,6,1,44,福岡県,A級2班,２　　車身,12.2,,,,2,2,13892,梶山裕次郎
20200629,85,6,7,8,38,福岡県,A級3班,６　　車身,13.0,,,,2,1,14266,宮本　龍一
20200629,85,6,8,6,,,,３　　車身,12.6,,,,1,4,,仲山　　桂
20200629,85,6,9,4,40,大分県,A級2班,３　　車身,13.5,,,,3,1,14272,松田　直也
20200629,85,7,1,4,35,熊本県,A級1班,,11.5,捲くり,,,2,1,15015,野口　大誠
20200629,85,7,2,2,43,大分県,A級1班,３／４車身,11.4,マーク,,,2,2,14116,安東　宏高
20200629,85,7,3,6,49,大分県,A級2班,４　　車身,11.7,,,,2,3,13148,小野　俊之
20200629,85,7,4,9,46,岡山県,A級1班,１／２車輪,11.9,,,,4,2,13493,立花　成泰
20200629,85,7,5,5,48,岡山県,A級1班,１／２車身,11.9,,,,4,3,13348,内藤　　敦
20200629,85,7,6,7,48,鹿児島県,A級1班,１　　車身,11.6,,,,1,1,14788,上吹越俊一
20200629,85,7,7,1,49,宮崎県,A級2班,３／４車身,11.5,,S,,1,2,13155,四元　慎也
20200629,85,7,8,3,33,高知県,A級1班,３　　車身,12.7,,,B,4,1,14849,宗崎　世連
20200629,85,7,9,8,48,佐賀県,A級2班,７　　車身,12.8,,,,3,1,13370,三槻　智清
20200629,85,8,1,2,32,福岡県,S級1班,,11.9,差し,,,2,1,15128,嶋田　誠也
20200629,85,8,2,5,53,福岡県,A級1班,１／４車輪,12.0,捲くり,,,2,2,12478,加倉　正義
20200629,85,8,3,3,34,徳島県,S級2班,３／４車身,11.8,,,,3,1,14845,表原　　周
20200629,85,8,4,1,40,岡山県,A級1班,４　　車身,12.2,,,,1,2,14614,高橋清太郎
20200629,85,8,5,6,47,福岡県,A級2班,１車身１／２,12.1,,,,2,3,13743,藤田　剣次
20200629,85,8,6,8,35,岡山県,A級1班,１／２車身,12.6,,,,1,3,14843,峰重祐之介
20200629,85,8,7,7,,,,１　　車身,12.9,,,B,1,1,,大瀬戸潤一
20200629,85,8,8,9,47,熊本県,A級2班,８　　車身,13.5,,S,,4,2,13451,松本　大地
20200629,85,8,9,4,44,熊本県,A級3班,２　　車身,13.8,,,,4,1,14121,服部　克久
20200629,85,9,1,2,30,岡山県,S級1班,,11.7,捲くり,,,2,1,15061,取鳥　雄吾
20200629,85,9,2,3,41,福岡県,S級2班,３／４車身,11.6,差し,,,3,2,14041,田中　　誠
20200629,85,9,3,8,38,福岡県,A級1班,１／２車輪,11.4,,,,3,3,14262,稲吉　悠大
20200629,85,9,4,6,34,佐賀県,A級1班,２　　車身,11.4,,,,3,4,14690,好永　　晃
20200629,85,9,5,9,41,広島県,S級2班,微差,11.6,,,,2,2,14617,西岡　拓朗
20200629,85,9,6,7,29,愛媛県,S級1班,１車身１／２,12.2,,,B,1,1,15125,佐々木　豪
20200629,85,9,7,4,39,徳島県,S級1班,６　　車身,12.6,,,,1,3,14190,木村　隆弘
20200629,85,9,落,1,50,香川県,S級1班,,,,,,1,2,13059,香川　雄介
20200629,85,9,落,5,41,福岡県,S級1班,,,,,,3,1,14045,吉本　卓仁
20200629,85,10,1,1,42,佐賀県,S級1班,,11.3,捲くり,,,1,1,14047,山田　英明
20200629,85,10,2,9,43,福岡県,S級1班,３／４車輪,11.2,マーク,,,1,2,13894,園田　　匠
20200629,85,10,3,3,49,徳島県,S級2班,３　　車身,11.8,,,,3,2,12987,堤　　　洋
20200629,85,10,4,2,46,岡山県,S級1班,３／４車輪,11.5,,,,2,3,13963,柏野　智典
20200629,85,10,5,5,31,愛媛県,S級1班,１　　車輪,12.0,,,B,3,1,15203,松本　貴治
20200629,85,10,6,4,30,広島県,S級2班,３／４車身,11.8,,,,2,1,15193,今岡　徹二
20200629,85,10,7,7,40,福岡県,S級1班,１／８車輪,11.4,,,,1,3,14112,小川　勇介
20200629,85,10,8,8,49,徳島県,S級2班,２　　車身,11.9,,,,3,3,14683,藤岡　隆治
20200629,85,10,9,6,37,岡山県,S級2班,大差,13.0,,,,2,2,14769,坂本　修一
20200629,85,11,1,2,45,広島県,S級2班,,11.7,捲くり,,,4,2,13650,吉本　哲郎
20200629,85,11,2,3,44,福岡県,S級1班,３／４車身,11.7,マーク,S,,1,1,13808,坂本健太郎
20200629,85,11,3,5,45,長崎県,S級1班,１／２車身,11.7,,,,2,2,13815,井上　昌己
20200629,85,11,4,1,38,熊本県,S級1班,３／４車身,11.7,,,,2,1,14635,中本　匠栄
20200629,85,11,5,9,50,広島県,A級1班,１／２車身,11.9,,,,4,3,13353,吉永　好宏
20200629,85,11,6,7,32,福岡県,S級2班,３／４車輪,11.7,,,,3,1,14955,市橋司優人
20200629,85,11,7,8,54,長崎県,A級1班,３／４車身,11.8,,,,2,3,12628,阪本　正和
20200629,85,11,8,4,34,福岡県,S級2班,１／２車身,11.9,,,,1,2,14688,西田　大志
20200629,85,11,9,6,31,岡山県,S級2班,６　　車身,13.0,,,B,4,1,15059,畝木　　努
